0         3000      p1        2000     
0         800       p2        2000     
0         2000      p3        2000     
0         0         0         0        
0         300       p3        0        
0         1231      §4        2222     
0         1220      p5        2313     
0         1123      p6        323      
0         1233      p7        33       
0         333       321       33       
0         4000      2         2        
0         2         2         2        
0         0         0         0        
0         0         0         0        
0         0         0         0        
0         0         0         0        
0         0         0         0        
0         0         0         0        
0         0         0         0        
0         20000     §8        203      
0         0         0         0        
0         0         0         0        
0         2000      p110      2133     
0         2         2         2        
